0111000011011110 
0110000001110011
0000001101001011    
0000000000001000
1011111110001100    
0000000000001000
1011111111001100    
0000000000001000
1111111101001100    
0000000000001000
1011111100001100    
0000000000001000
0000000000001001   
0001000001001000
0110000101110011
0000011010001011    
0000000000001000
1010001110001100    
0000000000001000
1010000111001100    
0000000000001000
1111111101001100
0000000000001000
1111111100001100    
0000000000001000
0000000000001001   
0001000010001000
0110000101110011
0000100111001011    
0000000000001000
1000011010001100    
0000000000001000
1010111111001100    
0000000000001000
1111111101001100
0000000000001000
1111111100001100    
0000000000001000
0000000000001001   
0001000100001000
0110000101110011
0000110101001011
0000000000001000
1000100010001100    
0000000000001000
1000111011001100    
0000000000001000
1111111101001100
0000000000001000
1111111100001100    
0000000000001000
0000000000001001   
0001000100001000
0110000101110011
0001000001001011
0000000000001000
1000100010001100    
0000000000001000
1100011111001100    
0000000000001000
1111111101001100
0000000000001000
1111111100001100    
0000000000001000
0000000000001001   
0001001000001000
0110000101110011
0001001110001011
0000000000001000
1000100010001100    
0000000000001000
1100011111001100    
0000000000001000
1111111101001100
0000000000001000
1111111100001100    
0000000000001000
0000000000001001   
0001010000001000
0110000101110011
0001011011001011
0000000000001000
1111100110001100    
0000000000001000
1001001011001100
0000000000001000
1111111101001100
0000000000001000
1111111100001100    
0000000000001000
0000000000001001   
0000000000001000
1011111110001100    
0000000000001000
1011111111001100    
0000000000001000
1111111101001100    
0000000000001000
1111111100001100    
0000000000001000
0000000000001001   